18.69259 99.61547 3
15.62548 95.10788 3
12.52785 27.39647 0
27.23472 6.83920 0
43.31187 20.10865 0
44.91104 13.47087 0
3.26243 24.35377 0
8.95108 3.70190 0
47.41356 61.64434 2
45.12162 79.40611 3
82.69295 23.50841 1
91.75085 36.78091 1
36.96707 27.00583 0
45.78692 90.67965 3
98.53816 58.64132 2
43.44005 95.22691 3
66.78671 84.96353 2
40.98636 63.85998 3
4.58998 57.82647 3
11.42918 41.88665 0
33.10038 92.53212 3
22.57454 34.72701 0
59.54161 46.95273 2
12.19214 44.93851 0
78.63704 79.73571 2
25.87054 21.14933 0
38.29768 15.74450 0
33.19803 72.03894 3
10.19318 96.87185 3
87.86889 48.47865 2
55.82446 46.27216 2
47.37999 46.95883 2
28.72707 24.27747 0
17.92657 37.43706 0
3.45775 3.96435 0
40.09522 68.72463 3
71.92602 44.60891 2
81.00528 54.51827 2
97.75384 91.12827 2
48.55495 93.25846 3
69.27702 77.58415 2
93.32255 24.86038 1
41.78900 62.96274 3
13.80047 77.52312 3
9.66521 77.26066 3
30.59481 7.65709 0
99.01425 6.07929 1
45.14908 86.15986 3
21.43620 91.80273 3
48.72280 34.03424 0
79.57091 79.51292 2
97.13736 60.62197 2
64.98306 85.74480 2
16.99576 7.43736 0
39.11557 18.23176 0
58.98007 50.83163 2
37.81549 24.74746 0
63.80505 66.54256 2
90.16083 99.16990 2
56.53859 9.30509 1
92.14454 22.88888 1
34.83077 10.62349 0
25.88275 69.72564 3
66.75008 47.80725 2
64.95865 52.40333 2
63.76232 87.45994 2
56.48061 38.78597 2
44.59059 56.47145 2
20.59999 15.95202 0
55.47960 43.70861 2
57.96991 30.24079 1
62.53548 85.46098 2
5.85650 81.40812 3
81.78350 37.81854 1
33.53069 99.00204 3
62.50496 89.10184 2
17.51457 79.09482 3
89.57183 15.40880 1
87.34092 9.50041 1
20.30702 32.51747 0
82.45796 61.57414 2
21.56743 47.14805 0
10.87680 76.73879 3
22.62032 60.78677 3
50.23041 25.89190 0
49.50407 29.16959 0
81.78350 69.76226 2
56.41652 30.56429 0
98.13837 98.37031 2
19.83093 45.94256 0
75.15793 77.71538 2
10.92257 4.22681 0
48.79299 81.83844 3
11.92358 95.66942 3
87.40806 38.32209 1
92.08655 6.52486 1
0.22584 65.43168 3
8.78628 78.17316 3
72.57302 28.93460 1
49.51628 43.71471 0
68.44386 96.83523 2
80.24842 45.29862 2
91.14353 20.02014 1
15.93371 85.19242 3
42.50618 17.05679 0
78.66451 13.78826 1
71.40110 91.19541 2
59.14182 7.64489 1
52.11646 57.70440 2
47.13279 40.68422 0
83.24229 9.72930 1
46.45833 1.69073 0
47.69127 0.71718 0
40.19288 61.21708 3
24.49416 71.57506 3
21.68035 41.01688 0
92.94412 0.67751 1
57.01163 89.18424 3
19.76684 4.86465 0
94.53719 14.01410 1
69.95148 69.53642 2
87.11203 79.85778 2
31.76672 35.95080 0
42.63741 17.92962 0
96.74673 23.90515 1
68.56288 55.36668 2
85.11917 17.88690 1
25.93158 15.50035 0
57.39311 94.80880 3
58.67489 92.59316 3
2.70394 21.47893 0
13.65398 54.08795 0
44.55092 99.94812 3
17.22159 73.54656 3
54.49995 88.78140 3
23.78918 47.33421 0
14.57259 78.48445 3
2.13324 98.27570 3
18.87265 49.11344 0
75.00839 19.29075 1
55.07065 88.28089 3
77.69707 60.24659 2
56.44398 97.58599 3
51.13681 11.05991 0
64.99832 65.68804 2
35.25498 84.24024 3
96.39576 36.09424 1
78.10297 49.94354 2
47.22129 47.79199 2
26.43208 26.73116 0
