80.10498 74.71541 2
15.63158 9.21354 0
57.71355 39.68017 3
15.83911 57.82952 1
60.44801 96.87185 2
14.69466 50.20600 1
15.92456 34.38520 0
85.03677 6.34785 3
98.55037 75.74389 2
66.12751 29.02005 3
88.36329 65.82232 2
18.30805 2.28584 0
87.90857 82.78451 2
99.72533 23.84716 3
37.72088 54.10321 1
30.71993 74.30342 1
21.06388 4.82803 0
61.60161 76.41835 2
98.58699 16.17786 3
9.30815 47.60277 1
63.42357 22.63253 3
78.65841 98.63582 2
57.50603 25.60198 3
33.80230 81.82928 1
39.57030 51.86621 1
35.50218 41.71880 0
45.57634 34.80026 3
9.82391 71.44383 1
32.12073 46.64449 1
63.93933 27.86035 3
43.51024 59.82849 1
14.58785 8.63674 0
93.04178 65.53850 2
44.89883 44.33729 3
99.22178 27.64367 3
55.10727 8.69778 3
67.46117 0.08545 3
22.89499 0.17701 0
57.90582 85.87603 2
38.88974 97.92474 2
30.02716 65.81927 1
32.99051 45.28642 1
4.60524 75.08469 1
57.15506 63.98816 2
33.71075 55.76342 1
40.23255 52.08899 1
19.30906 63.52123 1
80.52309 68.85586 2
71.15085 56.47145 2
91.61962 59.67895 2
44.51125 44.40748 3
67.22617 24.15235 3
48.46644 26.52058 3
80.54140 80.44984 2
65.29130 95.69689 2
83.81603 29.07498 3
71.60253 37.54692 3
23.74950 69.23429 1
1.90435 2.31941 0
38.34346 70.76632 1
45.13993 77.74590 2
50.79501 54.95773 2
14.85336 40.99246 0
26.09943 87.20969 1
83.64513 17.88690 3
5.98468 34.76974 0
22.46467 27.43614 0
87.78344 92.62368 2
35.46861 39.85412 0
62.84982 30.67721 3
30.95798 26.17573 0
80.22095 65.35234 2
19.10459 27.62535 0
51.06662 8.70388 3
77.05008 22.78817 3
59.57518 98.24824 2
72.00232 20.81362 3
95.94409 60.51515 2
83.00119 58.67183 2
77.03177 11.57262 3
11.89001 30.67415 0
70.35432 47.56310 3
24.21949 28.31812 0
87.01132 28.38832 3
10.61739 18.62239 0
59.19675 7.72729 3
9.32646 39.06674 0
67.88232 12.43324 3
80.47426 37.24479 3
36.34754 24.46669 0
72.73476 33.38420 3
55.14389 68.52626 2
73.01248 33.82366 3
54.11847 58.43379 2
79.72961 73.61675 2
87.14560 5.45061 3
90.39277 16.33656 3
45.18876 41.63945 3
44.04126 89.26054 2
63.28013 61.36052 2
9.19523 81.99408 1
37.08914 34.08918 0
57.93939 86.73360 2
14.69161 91.63793 1
16.76077 8.23389 0
79.13755 42.90902 3
34.78805 21.63152 0
87.48436 19.31822 3
60.00855 6.25019 3
81.89032 4.00708 3
64.14075 33.50322 3
38.40449 47.96899 1
6.76290 37.00980 0
69.09696 26.20319 3
79.31455 43.10129 3
43.07688 37.06473 0
19.60204 89.75799 1
42.16132 97.86676 2
37.46147 12.16773 0
16.67226 39.90295 0
42.15522 23.03232 0
57.09098 56.05335 2
12.15857 65.68499 1
47.14194 3.97656 0
97.95831 68.20276 2
13.94696 18.16767 0
98.47713 76.64113 2
40.89175 33.87555 0
1.75787 95.45579 1
58.79391 76.08570 2
30.55513 13.30302 0
81.01749 16.66311 3
83.37046 42.32612 3
98.16584 52.79092 3
11.69469 48.99136 1
97.97052 9.79034 3
23.96924 4.71511 0
25.99872 21.53386 0
56.92618 34.31196 3
52.79397 91.46702 2
4.95010 90.40193 1
63.11228 87.45689 2
48.08496 31.95593 3
32.81350 73.54656 1
69.24955 35.05051 3
9.13419 31.73620 0
1.39470 13.95611 0
59.83459 76.94021 2
95.14756 80.74282 2
6.97348 18.23176 0
